10111010100111101000110010000110110111111000100010011110100011001001000111011000
10001011110111111001011010001011110111111100000011011111101100011001000010001000
11011111100111011000110110010110100100011001100011011111100100101001101011011111
10011110110111111001110110011010100110101000110111011111110111101101111111010010
11011111101101111001111010011100100101001001011010001101100111101111001011110101
10011001100100111001111010011000110111111100010111011111100100011001101110010111
11001101100101001100111011001000101000001100100111001101110010111001100111001011
10011110110010101100100011000111110001101001110010011010110011101100110111000110
11000111100110011100101111001001110001101001110010011010110110011101110011001101
11001110110011111100010011011001110111001100110111001110110011111100010011011001
11011100110011011100111011001111110001001101100111011100110011011100111011001111
11000100110110011101110011001101110011101100111111000100110110011101110011001101
11001110110011111100010011011001110111001100110111001110110011111100010011011001
11011100110011101100011111001101110001001101100111011100110001111100101111000111
11001101110001001101100111011100110011011100110111001100110001001101100111011100
11000111110011011100110111001011110001001101100111011100110011101100101111001011
11000100110110011101110011001100110010101100110111000100110110011101110011001101
11001101110011001100010011011001110111001100110011001100110001101100010011011001
11011100110011001100011111001101110001001101100111011100110001111100110111001110
11001001110001001101100111011100110011011100110111001100110001001101100111011100
11001110110010111100111011000100110110011101110011001100110010101100110011000100
11011001110111001100110011000111110011011100010011011001110111001100011111001101
11001010110011111100010011011001110111001100110111001101110011001100010011011001
11011100110001111100110111001011110001101100010011011001110111001100011111001101
11001110110011011100010011011001110111001100011111001101110011101100111011000100
11011001110111001100110011001100110001111100010011011001110111001100110111001110
11001110110001001101100111011100110011011100110111001100110001001101100111011100
11000111110011011100110111001011110001001101100111011100110011101100101111001011
11000100110110011101110011001100110010101100110111000100110110011101110011001101
11001110110010011100010011011001110111001100111011001011110011101100010011011001
11011100110011001100101011001100110001001101100111011100110011011100110111001100
11000100110110011101110011000111110011011100111011001001110001001101100111011100
11001110110010111100101111000100110110011101110011000111110011011100101111000110
11000100110110011101110011001101110011011100110011000100110110011101110011000111
11001101110011101100100011000100110110011101110011001100110001111100110111000100
11011001110111001100011111001101110010101100111111000100110110011101110011001101
11001101110011001100010011011001110111001100110011001010110011001100010011011001
11011100110001111100110111001110110010011100010011011001110111001100111011001011
11001011110001001101100111011100110011001100101011001101110001001101100111011100
11001000110011001100110111000100110110011101110011000111110011011100111011001101
11000100110110011101110011001101110011101100111011000100110110011101110011001101
11001101110011001100010011011001110111001100011111001101110010111100011011000100
11011001110111001100111011001011110011101100010011011001110111001100011111001101
11001101110010111100010011011001110111001100110111001101110011001100010011011001
11011100110011001100011111001101110001001101100111011100110010001100110011001101
11000100110110011101110011001100110001111100110111000100110110011101110011000111
11001101110011101100111011000100110110011101110011000111110011011100111011001001
11000100110110011101110011001101110011111100011011000100110110011101110011001101
11001111110001101100010011011001110111001100110111001101110011001100010011011001
11011100110011101100011011001000110001001101100111011100110011011100111011001111
11000100110110011101110011001101110011101100101111000100
